5.962440
5.962440
5.962440
5.962440
5.962440
5.962440
5.962440
5.962440
5.962440
5.962440
5.962440
5.943270
5.924012
5.904666
5.885236
5.865722
5.846127
5.826452
5.806700
5.786874
5.766976
5.747008
5.726974
5.706877
5.686719
5.666504
5.646235
5.625916
5.605551
5.585143
5.564696
5.544215
5.523702
5.503164
5.482604
5.462027
5.441437
5.420840
5.400240
5.379642
5.359051
5.338474
5.317914
5.297377
5.276869
5.256396
5.235963
5.215576
5.195240
5.174962
5.154747
5.134602
5.114531
5.094542
5.074639
5.054830
5.035120
5.015514
4.996019
4.976641
4.957385
4.938257
4.919262
4.900407
4.881696
4.863135
4.844729
4.826483
4.808402
4.790490
4.772753
4.772753
4.772753
4.772753
4.772753
4.772753
4.772753
4.772753
4.772753
4.772753
4.772753
4.772937
4.773305
4.773856
4.774590
4.775508
4.776609
4.777894
4.779363
4.781015
4.782852
4.784874
4.787082
4.789476
4.792056
4.794823
4.797779
4.800923
4.804257
4.807782
4.811498
4.815406
4.819508
4.823804
4.828295
4.832983
4.837869
4.842953
4.848237
4.853721
4.859408
4.865298
4.871391
4.877690
4.884195
4.890907
4.897828
4.904958
4.912298
4.919848
4.927611
4.935586
4.943774
4.952176
4.960792
4.969623
4.978669
4.987930
4.997406
5.007098
5.017005
5.027127
5.037463
5.048014
5.058777
5.069754
5.080941
5.092339
5.103945
5.115759
5.127779
5.145853
5.163929
5.182001
5.200067
5.218122
5.236162
5.254182
5.272179
5.290148
5.308087
5.325991
5.343856
5.361680
5.379459
5.397190
5.414869
5.432493
5.450059
5.467565
5.485007
5.502383
5.519690
5.536925
5.554087
5.571172
5.588178
5.605104
5.621946
5.638703
5.655373
5.671954
5.688444
5.704842
5.721144
5.737351
5.753460
5.769470
5.785379
5.801186
5.816889
5.832488
5.847980
5.863365
5.878641
5.893808
5.908864
5.923808
5.938639
5.953355
5.967957
5.982443
5.996812
6.011063
6.025195
6.039207
6.053098
6.066868
6.080515
6.094038
6.094038
6.094038
6.094038
6.094038
6.094038
6.094038
6.094038
6.094038
6.094038
6.094038
6.094038
6.095527
6.097015
6.098504
6.099993
6.101481
6.102970
6.104459
6.105947
6.107436
6.107436
6.094038
6.080515
6.066868
6.053098
6.039207
6.025195
6.011063
5.996812
5.982443
5.967957
5.953355
5.938639
5.923808
5.908864
5.893808
5.878641
5.863365
5.847980
5.832488
5.816889
5.801186
5.785379
5.769470
5.753460
5.737351
5.721144
5.704842
5.688444
5.671954
5.655373
5.638703
5.621946
5.605104
5.588178
5.571172
5.554087
5.536925
5.519690
5.502383
5.485007
5.467565
5.450059
5.432493
5.414869
5.397190
5.379459
5.361680
5.343856
5.325991
5.308087
5.290148
5.272179
5.254182
5.236162
5.218122
5.200067
5.182001
5.163929
5.145853
5.127779
5.127779
5.127779
5.127779
5.127779
5.127779
5.127779
5.127779
5.127779
5.127779
5.127779
5.128715
5.129858
5.131210
5.132768
5.134535
5.136510
5.138694
5.141086
5.143688
5.146499
5.149521
5.152752
5.156194
5.159848
5.163713
5.167791
5.172081
5.176584
5.181301
5.186232
5.191377
5.196738
5.202315
5.208108
5.214117
5.220344
5.226788
5.233451
5.240332
5.247432
5.254752
5.262291
5.270051
5.278031
5.286231
5.294653
5.303295
5.312159
5.321244
5.330551
5.340078
5.349826
5.359796
5.369985
5.380395
5.391025
5.401874
5.412941
5.424226
5.435728
5.447445
5.459378
5.471524
5.483883
5.496453
5.509232
5.522219
5.535412
5.548809
5.562408
5.578948
5.595410
5.611789
5.628086
5.644299
5.660425
5.676463
5.692411
5.708269
5.724034
5.739706
5.755283
5.770764
5.786147
5.801432
5.816618
5.831702
5.846686
5.861566
5.876343
5.891015
5.905582
5.920042
5.934396
5.948641
5.962777
5.976804
5.990721
6.004526
6.018220
6.031801
6.045268
6.058622
6.071860
6.084983
6.097989
6.110878
6.123649
6.136301
6.148833
6.161244
6.173533
6.185700
6.197742
6.209660
6.221451
6.233115
6.244649
6.256053
6.267325
6.278463
6.289465
6.300329
6.311052
6.321633
6.332068
6.342354
6.352488
6.362467
6.362467
6.362467
6.362467
6.362467
6.362467
6.362467
6.362467
6.362467
6.362467
6.362467
6.362467
6.363558
6.364649
6.365740
6.366831
6.367921
6.369012
6.370103
6.371194
6.372285
6.372285
6.362467
6.352488
6.342354
6.332068
6.321633
6.311052
6.300329
6.289465
6.278463
6.267325
6.256053
6.244649
6.233115
6.221451
6.209660
6.197742
6.185700
6.173533
6.161244
6.148833
6.136301
6.123649
6.110878
6.097989
6.084983
6.071860
6.058622
6.045268
6.031801
6.018220
6.004526
5.990721
5.976804
5.962777
5.948641
5.934396
5.920042
5.905582
5.891015
5.876343
5.861566
5.846686
5.831702
5.816618
5.801432
5.786147
5.770764
5.755283
5.739706
5.724034
5.708269
5.692411
5.676463
5.660425
5.644299
5.628086
5.611789
5.595410
5.578948
5.562408
5.543643
5.524960
5.506369
5.487880
5.469500
5.451239
5.433105
5.415106
5.397250
5.379545
5.361998
5.344616
5.327406
5.310376
5.293530
5.276875
5.260416
5.244160
5.228110
5.212272
5.196650
5.181248
5.166069
5.151118
5.136398
5.121910
5.107659
5.093645
5.079872
5.066341
5.053053
5.040009
5.027211
5.014659
5.002353
4.990295
4.978483
4.966918
4.955600
4.944528
4.933700
4.923117
4.912778
4.902681
4.892824
4.883208
4.873829
4.864687
4.855780
4.847105
4.838662
4.830449
4.822462
4.814701
4.807164
4.799847
4.792750
4.785870
4.779205
4.772753
4.772753
4.772753
4.772753
4.772753
4.772753
4.772753
4.772753
4.772753
4.772753
4.772753
4.790490
4.808402
4.826483
4.844729
4.863135
4.881696
4.900407
4.919262
4.938257
4.957385
4.976641
4.996019
5.015514
5.035120
5.054830
5.074639
5.094542
5.114531
5.134602
5.154747
5.174962
5.195240
5.215576
5.235963
5.256396
5.276869
5.297377
5.317914
5.338474
5.359051
5.379642
5.400240
5.420840
5.441437
5.462027
5.482604
5.503164
5.523702
5.544215
5.564696
5.585143
5.605551
5.625916
5.646235
5.666504
5.686719
5.706877
5.726974
5.747008
5.766976
5.786874
5.806700
5.826452
5.846127
5.865722
5.885236
5.904666
5.924012
5.943270
5.945400
5.947530
5.949660
5.951790
5.953920
5.956050
5.958180
5.960310
5.962440
5.962440